0.000000,2885,708,
1.000000,2887,1790,
2.000000,451,708,
3.000000,451,1726,
4.000000,3792,1784,
5.000000,1789,660,
6.000000,1710,660,
7.000000,1639,660,
8.000000,1639,660,
9.000000,3088,2564,
10.000000,390,2564,
11.000000,613,3462,
12.000000,884,369,
13.000000,3496,2440,
14.000000,3496,1418,
15.000000,835,1418,
16.000000,2312,2831,
17.000000,2312,61,
18.000000,742,4089,
19.000000,3792,3915,
20.000000,3063,3061,
21.000000,189,4089,
22.000000,3792,4058,
23.000000,730,1098,
24.000000,966,4089,
25.000000,966,4089,
26.000000,3990,3915,
27.000000,4044,3915,
28.000000,742,3915,
29.000000,3063,1790,
30.000000,3063,1047,
31.000000,3063,3830,
32.000000,3063,708,
33.000000,966,1790,
34.000000,966,1790,
35.000000,3861,437,
36.000000,3928,1726,
37.000000,26,1597,
38.000000,26,149,
39.000000,26,149,
40.000000,26,614,
41.000000,3496,614,
42.000000,26,614,
43.000000,884,1418,
44.000000,2615,1418,
45.000000,846,1623,
46.000000,3252,3642,
47.000000,318,522,
48.000000,2424,3207,
49.000000,2424,3242,
50.000000,2424,1395,
51.000000,1195,3111,
52.000000,1334,3111,
53.000000,1334,1130,
54.000000,126,1130,
55.000000,966,1726,
56.000000,2875,1939,
57.000000,2875,1790,
58.000000,283,1853,
59.000000,283,1853,
60.000000,1789,1790,
61.000000,1789,1790,
62.000000,1784,1623,
63.000000,1710,1726,
64.000000,1710,1623,
65.000000,3419,1657,
66.000000,394,1623,
